1006
1017
1144
1209
1289
1306
1318
1332
1356
1374
1420
1432
1440
1618
1640
1667
1671
1672
1681
1900
1911
2102
2123
2132
2146
2173
2230
2296
2299
2319
2326
2408
2433
2592
2628
2641
2653
2674
2675
2714
2758
2802
2820
2851
2877
2885
3229
3291
3303
3381
3401
3433
3437
3443
3447
3485
3559
3638
3643
3646
3647
3751
3795
3953
3981
4001
4012
4015
4023
4068
4073
4095
4119
4149
4157
4326
4344
4362
4572
4600
4613
4756
4764
4794
4806
4818
4831
4852
4879
4906
4942
4968
4978
4986
5007
5050
5095
5142
5155
5157
5171
5305
5374
5424
5429
5450
5601
5615
5634
5810
5923
6017
6037
6045
6053
6064
6096
6111
6165
6219
6298
6337
6421
6456
6457
6460
6472
6488
6728
6729
6799
6828
6861
6924
6961
7110
7120
7130
7152
7365
7395
7405
7431
7433
7686
7689
7731
7824
7934
7942
7948
8098
8126
8160
8165
8195
8222
8237
8395
8399
8416
8423
8553
8560
8751
8755
8776
8789
8854
8856
8887
8889
8951
8953
8970
8987
8997
9049
9052
9053
9099
9112
9126
9137
9141
9172
9296
9302
9314
9341
9371
9385
9396
9399
9466
9479
9543
9545
9562
9585
9589
9717
9718
9732
9743
10079
10088
10091
10128
10134
10283
10285
10286
10305
10315
10345
10353
10378
10379
10764
10784
10795
10921
10940
10946
11129
11246
11247
11267
11278
11308
11434
11435
11437
11454
11486
11506
11515
11717
11778
11785
12013
12028
12171
12173
12229
12235
12265
12267
12285
12307
12312
12320
12353
12400
12523
12541
12563
12651
12751
12764
12789
12816
12843
13031
13035
13065
13262
13275
13370
13372
13375
13391
13485
13498
13501
13544
13565
13679
13729
13732
13843
13848
13867
13884
13899
13905
13926
13938
13967
13979
13991
14011
14012
14064
14089
14127
14128
14202
14210
14221
14243
14257
14272
14287
14301
14315
14413
14418
14654
14674
14676
14686
14778
14825
14858
14881
14926
14981
14990
15002
15215
15236
15249
15258
15355
15363
15372
15380
15405
15430
15462
15468
15470
15486
15512
15516
15641
15658
15700
15793
15827
15895
15901
15905
15906
15931
15935
16102
16107
16133
16148
16157
16193
16212
16279
16331
16344
16345
16408
16421
16475
16477
16486
16506
16518
16582
16601
16607
16806
16913
16921
16928
16929
16931
17032
17048
17082
17122
17128
17137
17140
17236
17253
17259
17512
17527
17535
17545
17651
17680
17689
17690
17702
17713
17714
17728
17749
17877
17925
17934
17978
17984
17997
18105
18128
18508
18534
18580
18583
18589
18592
18595
18602
18634
18663
18781
18810
18839
18843
18893
18900
18958
18959
19111
19116
19134
19138
19152
19161
19166
19186
19307
19334
19351
19520
19557
19560
19570
19801
19849
19865
19884
19897
19903
19966
19967
20024
20176
20199
20205
20304
20318
20332
20471
20515
20648
20655
20703
20707
20708
20713
20791
20800
20823
20956
20967
20969
20980
21029
21034
21040
21054
21059
21080
21105
21106
21134
21231
21247
21263
21269
21497
21518
21529
21622
21671
21685
21696
21846
21849
21856
21898
21899
21910
21933
21945
21973
22025
22030
22044
22057
22098
22104
22235
22244
22267
22271
22715
22717
22722
22734
22823
22833
23046
23054
23075
23514
23524
23552
23586
23588
23613
23614
23698
23699
23736
23745
23754
23756
23769
23806
23960
23973
24003
24018
24031
24133
24359
24363
24391
24519
24590
24619
24726
24735
24748
24751
24765
24852
24864
24868
24894
24898
24927
25035
25056
25072
25110
25125
25159
25162
25180
25184
25185
25236
25257
25275
25293
25311
25330
25331
25368
25380
25398
25540
25541
25557
25573
25602
25605
25608
25816
25822
25889
25906
25919
26045
26061
26093
26100
26128
26157
26170
26180
26205
26273
26286
26315
26321
26324
26329
26362
26367
26583
26589
26634
26664
26680
26696
26837
26884
26890
26980
27193
27203
27253
27263
27318
27348
27382
27400
27478
27528
27541
27545
27562
27584
27609
27626
27632
27650
27679
27747
27749
27782
27785
27846
27849
27850
27856
28046
28049
28053
28082
28100
28139
28140
28176
28272
28277
28335
28475
28479
28505
28612
28746
28877
28878
28965
29066
29078
29116
29132
29162
29213
29214
29321
29325
29396
29440
29516
29552
29625
29777
29802
29871
29873
29884
30049
30084
30093
30114
30301
30321
30336
30362
30363
30373
30379
30393
30417
30452
30472
30483
30484
30486
30699
30703
30704
30727
30799
30800
30827
30832
31016
31022
31052
31090
31150
31170
31289
31294
31303
31307
31317
31332
31341
31580
31581
31602
31605
31643
31645
31706
31740
31790
31840
31849
31856
31881
31932
31933
31978
31982
32005
32014
32030
32033
32071
32079
32181
32184
32242
32245
32347
32353
32355
32406
32423
32453
32589
32603
32614
32683
32694
32723
32729
32872
32891
32928
32941
32974
32977
33057
33074
33076
33103
33104
33168
33203
33208
33244
33279
33282
33318
33360
33460
33488
33499
33501
33514
33523
33532
33568
33594
33707
33712
33749
33793
33815
33853
33922
34116
34129
34159
34210
34214
34255
34260
34278
34317
34350
34377
34402
34404
34633
34642
35088
35134
35149
35192
35207
35209
35293
35294
35295
35317
35332
35436
35441
35483
35499
35505
35563
35626
35631
35652
35667
35672
35735
35752
35774
35778
35856
35862
35871
35880
35897
35913
35939
35940
35949
35997
36219
36258
36275
36277
36325
36378
36399
36432
36437
36611
36624
36652
36661
36692
36694
36921
36963
36970
36981
37012
37026
37035
37038
37043
37079
37115
37116
37131
37133
37141
37144
37189
37201
37223
37245
37281
37284
37342
37349
37357
37370
37397
37400
37406
37413
37451
37460
37478
37485
37486
37506
37566
37606
37619
37911
37927
37956
37959
38031
38060
38068
38079
38094
38096
38272
38285
38395
38600
39026
39082
39085
39087
39168
39182
39318
39329
39343
39356
39362
39547
39549
39561
39846
39877
40075
40107
40127
40250
40267
40287
40289
40514
40549
40587
40590
40612
40629
40666
40704
40709
40787
40994
41004
41018
41059
41064
41124
41168
41178
41196
41197
41207
41254
41256
41258
41281
41293
41294
41313
41325
41327
41565
41595
41601
41633
41661
41663
41864
41888
41892
41925
41934
41962
41968
41976
41991
42032
42065
42079
42090
42133
42140
42147
42148
42240
42265
42271
42274
42280
42326
42333
42465
42488
42539
42545
42566
42583
42594
42680
42712
42748
42910
42911
42930
42937
42940
42953
43071
43075
43207
43214
43228
43258
43261
43465
43669
43678
43683
43695
43767
43886
44071
44072
44087
44103
44158
44160
44187
44191
44206
44214
44228
44242
44261
44295
44313
44320
44337
44341
44352
44353
44371
44384
44455
44485
44493
44500
44512
44543
44784
44789
44859
44864
44883
44923
44926
44938
45162
45190
45202
45219
45228
45243
45289
45305
45323
45347
45375
45392
45403
45456
45485
45492
45504
45585
45590
45593
45602
45644
45646
45668
45785
45987
45992
45998
46009
46336
46337
46417
46427
46428
46493
46752
46763
46771
46816
46851
46852
47400
47404
47436
47445
47652
47701
47708
47742
47772
47784
47831
47856
47880
47901
47906
47908
47918
47922
47923
47971
48148
48218
48324
48327
48331
48339
48342
48573
48620
48626
48629
48650
48663
48761
48762
48884
48901
48922
48963
48989
48991
49038
49059
49066
49071
49085
49099
49110
49112
49123
49162
49173
49193
49231
49252
49302
49307
49312
49641
49678
49684
49690
49692
49702
49729
49867
49879
50237
50338
50359
50394
50419
50429
50497
50525
50534
50575
50581
50612
50627
50771
50780
50815
50821
50839
50848
50903
50970
51012
51016
51029
51063
51252
51255
51272
51289
51310
51311
51323
51335
51364
51415
51423
51437
51477
51483
51645
51647
51668
51766
51772
51807
51819
51830
51847
51874
