NodeNumber,churned
1006,1
1017,1
1117,1
1121,1
1123,1
1130,1
1144,1
1183,1
1189,1
1197,1
1198,1
1209,1
1289,1
1301,1
1306,1
1318,1
1332,1
1333,1
1341,1
1356,1
1374,1
1402,1
1420,1
1432,1
1433,1
1440,1
1444,1
1447,1
1454,1
1618,1
1622,1
1640,1
1656,1
1662,1
1667,1
1671,1
1672,1
1681,1
1897,1
1900,1
1906,1
1911,1
1918,1
1931,1
1933,1
2023,1
2041,1
2049,1
2057,1
2063,1
2076,1
2084,1
2097,1
2102,1
2117,1
2123,1
2132,1
2146,1
2151,1
2156,1
2173,1
2200,1
2201,1
2204,1
2205,1
2230,1
2242,1
2278,1
2296,1
2299,1
2319,1
2326,1
2344,1
2401,1
2402,1
2408,1
2433,1
2592,1
2600,1
2628,1
2641,1
2644,1
2647,1
2653,1
2660,1
2674,1
2675,1
2684,1
2688,1
2714,1
2717,1
2718,1
2724,1
2758,1
2774,1
2802,1
2820,1
2827,1
2849,1
2851,1
2857,1
2865,1
2877,1
2885,1
2889,1
2891,1
2900,1
2931,1
2941,1
2950,1
2954,1
2967,1
3227,1
3229,1
3233,1
3239,1
3259,1
3291,1
3296,1
3303,1
3309,1
3381,1
3401,1
3425,1
3433,1
3437,1
3443,1
3447,1
3449,1
3455,1
3485,1
3555,1
3559,1
3580,1
3600,1
3618,1
3633,1
3638,1
3643,1
3646,1
3647,1
3656,1
3663,1
3751,1
3764,1
3774,1
3778,1
3787,1
3795,1
3818,1
3953,1
3981,1
4001,1
4004,1
4005,1
4012,1
4015,1
4023,1
4047,1
4062,1
4068,1
4073,1
4095,1
4106,1
4109,1
4119,1
4142,1
4149,1
4157,1
4322,1
4326,1
4344,1
4362,1
4485,1
4504,1
4513,1
4514,1
4548,1
4560,1
4571,1
4572,1
4581,1
4600,1
4613,1
4615,1
4629,1
4756,1
4764,1
4770,1
4794,1
4806,1
4818,1
4831,1
4850,1
4852,1
4858,1
4870,1
4877,1
4879,1
4895,1
4906,1
4942,1
4946,1
4947,1
4948,1
4965,1
4968,1
4978,1
4986,1
5007,1
5017,1
5033,1
5050,1
5060,1
5068,1
5075,1
5095,1
5103,1
5106,1
5116,1
5124,1
5142,1
5155,1
5157,1
5171,1
5283,1
5284,1
5288,1
5302,1
5305,1
5321,1
5333,1
5348,1
5374,1
5396,1
5424,1
5429,1
5445,1
5449,1
5450,1
5451,1
5490,1
5494,1
5590,1
5599,1
5601,1
5613,1
5615,1
5627,1
5634,1
5810,1
5825,1
5913,1
5923,1
5932,1
5995,1
6017,1
6032,1
6037,1
6045,1
6053,1
6055,1
6064,1
6096,1
6105,1
6111,1
6114,1
6123,1
6126,1
6142,1
6150,1
6151,1
6155,1
6165,1
6168,1
6195,1
6219,1
6298,1
6321,1
6322,1
6329,1
6337,1
6421,1
6456,1
6457,1
6460,1
6472,1
6474,1
6482,1
6488,1
6554,1
6561,1
6578,1
6598,1
6600,1
6602,1
6611,1
6627,1
6655,1
6667,1
6673,1
6678,1
6712,1
6719,1
6723,1
6728,1
6729,1
6799,1
6803,1
6822,1
6828,1
6832,1
6834,1
6861,1
6865,1
6883,1
6906,1
6924,1
6926,1
6950,1
6961,1
6965,1
7068,1
7106,1
7110,1
7116,1
7120,1
7130,1
7131,1
7152,1
7365,1
7377,1
7395,1
7396,1
7405,1
7417,1
7431,1
7433,1
7615,1
7620,1
7654,1
7666,1
7673,1
7684,1
7686,1
7689,1
7693,1
7710,1
7729,1
7731,1
7824,1
7933,1
7934,1
7939,1
7942,1
7948,1
7981,1
7983,1
8089,1
8098,1
8104,1
8105,1
8111,1
8115,1
8122,1
8126,1
8134,1
8160,1
8165,1
8167,1
8175,1
8178,1
8195,1
8208,1
8214,1
8222,1
8237,1
8244,1
8253,1
8272,1
8288,1
8294,1
8395,1
8399,1
8416,1
8420,1
8423,1
8428,1
8431,1
8432,1
8550,1
8551,1
8553,1
8560,1
8751,1
8755,1
8756,1
8776,1
8780,1
8789,1
8817,1
8820,1
8827,1
8854,1
8856,1
8886,1
8887,1
8889,1
8951,1
8953,1
8970,1
8987,1
8988,1
8997,1
9014,1
9031,1
9039,1
9049,1
9052,1
9053,1
9075,1
9099,1
9112,1
9126,1
9137,1
9141,1
9144,1
9157,1
9161,1
9172,1
9258,1
9267,1
9288,1
9296,1
9297,1
9302,1
9314,1
9317,1
9341,1
9349,1
9357,1
9371,1
9375,1
9382,1
9385,1
9394,1
9396,1
9399,1
9430,1
9434,1
9466,1
9479,1
9543,1
9545,1
9562,1
9578,1
9585,1
9589,1
9717,1
9718,1
9732,1
9735,1
9743,1
9744,1
9767,1
10064,1
10079,1
10085,1
10088,1
10089,1
10091,1
10128,1
10134,1
10146,1
10269,1
10283,1
10285,1
10286,1
10305,1
10315,1
10321,1
10330,1
10345,1
10353,1
10378,1
10379,1
10763,1
10764,1
10784,1
10795,1
10902,1
10913,1
10921,1
10927,1
10940,1
10946,1
11129,1
11246,1
11247,1
11267,1
11274,1
11278,1
11288,1
11307,1
11308,1
11429,1
11434,1
11435,1
11437,1
11454,1
11486,1
11504,1
11506,1
11515,1
11599,1
11717,1
11730,1
11764,1
11768,1
11776,1
11778,1
11785,1
11791,1
12013,1
12016,1
12028,1
12029,1
12049,1
12055,1
12068,1
12171,1
12173,1
12197,1
12225,1
12229,1
12235,1
12264,1
12265,1
12267,1
12285,1
12307,1
12309,1
12312,1
12317,1
12320,1
12327,1
12353,1
12357,1
12360,1
12366,1
12400,1
12410,1
12520,1
12523,1
12541,1
12554,1
12555,1
12563,1
12632,1
12642,1
12651,1
12691,1
12751,1
12764,1
12774,1
12789,1
12795,1
12797,1
12816,1
12824,1
12843,1
13031,1
13035,1
13052,1
13057,1
13065,1
13071,1
13080,1
13094,1
13107,1
13262,1
13275,1
13276,1
13284,1
13306,1
13308,1
13318,1
13334,1
13350,1
13356,1
13370,1
13372,1
13375,1
13381,1
13391,1
13485,1
13494,1
13497,1
13498,1
13501,1
13539,1
13544,1
13565,1
13679,1
13695,1
13699,1
13717,1
13729,1
13732,1
13843,1
13848,1
13867,1
13884,1
13893,1
13897,1
13899,1
13905,1
13926,1
13927,1
13938,1
13965,1
13967,1
13979,1
13991,1
14011,1
14012,1
14021,1
14037,1
14044,1
14050,1
14058,1
14064,1
14067,1
14089,1
14097,1
14106,1
14122,1
14127,1
14128,1
14141,1
14156,1
14168,1
14190,1
14194,1
14202,1
14210,1
14221,1
14243,1
14252,1
14257,1
14272,1
14287,1
14301,1
14315,1
14320,1
14403,1
14413,1
14418,1
14654,1
14674,1
14676,1
14686,1
14703,1
14778,1
14784,1
14796,1
14812,1
14825,1
14858,1
14859,1
14867,1
14881,1
14912,1
14916,1
14926,1
14981,1
14990,1
14991,1
14996,1
15002,1
15215,1
15220,1
15236,1
15244,1
15249,1
15258,1
15352,1
15355,1
15363,1
15372,1
15377,1
15380,1
15405,1
15406,1
15430,1
15462,1
15468,1
15470,1
15486,1
15509,1
15512,1
15516,1
15518,1
15641,1
15643,1
15658,1
15659,1
15672,1
15700,1
15793,1
15797,1
15823,1
15825,1
15827,1
15842,1
15895,1
15901,1
15904,1
15905,1
15906,1
15920,1
15931,1
15935,1
15936,1
15946,1
15960,1
16085,1
16102,1
16107,1
16121,1
16127,1
16133,1
16140,1
16148,1
16157,1
16184,1
16193,1
16212,1
16240,1
16257,1
16258,1
16266,1
16279,1
16283,1
16292,1
16328,1
16330,1
16331,1
16344,1
16345,1
16396,1
16402,1
16405,1
16408,1
16421,1
16424,1
16459,1
16475,1
16477,1
16478,1
16486,1
16506,1
16508,1
16518,1
16582,1
16601,1
16603,1
16607,1
16615,1
16628,1
16770,1
16777,1
16778,1
16782,1
16800,1
16806,1
16811,1
16910,1
16913,1
16921,1
16928,1
16929,1
16931,1
16951,1
16968,1
16994,1
17008,1
17025,1
17032,1
17035,1
17040,1
17048,1
17082,1
17099,1
17122,1
17128,1
17134,1
17135,1
17137,1
17140,1
17236,1
17239,1
17243,1
17253,1
17257,1
17259,1
17512,1
17527,1
17535,1
17545,1
17620,1
17626,1
17627,1
17651,1
17665,1
17680,1
17689,1
17690,1
17702,1
17713,1
17714,1
17728,1
17749,1
17779,1
17781,1
17877,1
17883,1
17921,1
17923,1
17925,1
17934,1
17946,1
17951,1
17960,1
17978,1
17984,1
17990,1
17997,1
18022,1
18035,1
18042,1
18050,1
18058,1
18067,1
18105,1
18112,1
18128,1
18281,1
18304,1
18310,1
18479,1
18497,1
18508,1
18528,1
18534,1
18548,1
18580,1
18583,1
18589,1
18592,1
18595,1
18602,1
18634,1
18654,1
18663,1
18761,1
18762,1
18768,1
18781,1
18810,1
18827,1
18839,1
18843,1
18844,1
18854,1
18877,1
18881,1
18893,1
18900,1
18922,1
18926,1
18955,1
18958,1
18959,1
19111,1
19116,1
19134,1
19138,1
19152,1
19161,1
19166,1
19186,1
19196,1
19286,1
19307,1
19318,1
19331,1
19334,1
19344,1
19349,1
19351,1
19520,1
19555,1
19557,1
19559,1
19560,1
19570,1
19795,1
19801,1
19809,1
19849,1
19863,1
19865,1
19873,1
19884,1
19897,1
19899,1
19903,1
19904,1
19935,1
19958,1
19965,1
19966,1
19967,1
19992,1
20024,1
20031,1
20038,1
20052,1
20057,1
20061,1
20166,1
20172,1
20176,1
20199,1
20205,1
20207,1
20224,1
20237,1
20242,1
20304,1
20318,1
20332,1
20342,1
20348,1
20360,1
20370,1
20470,1
20471,1
20493,1
20501,1
20514,1
20515,1
20519,1
20537,1
20553,1
20648,1
20650,1
20655,1
20676,1
20702,1
20703,1
20707,1
20708,1
20713,1
20745,1
20751,1
20752,1
20780,1
20791,1
20800,1
20801,1
20823,1
20923,1
20956,1
20967,1
20969,1
20980,1
21014,1
21029,1
21031,1
21034,1
21040,1
21054,1
21058,1
21059,1
21072,1
21080,1
21105,1
21106,1
21134,1
21231,1
21239,1
21247,1
21262,1
21263,1
21269,1
21290,1
21293,1
21497,1
21514,1
21518,1
21529,1
21622,1
21633,1
21641,1
21645,1
21671,1
21679,1
21685,1
21696,1
21776,1
21837,1
21846,1
21848,1
21849,1
21856,1
21867,1
21898,1
21899,1
21908,1
21910,1
21915,1
21933,1
21945,1
21947,1
21973,1
21990,1
22013,1
22025,1
22030,1
22032,1
22040,1
22044,1
22057,1
22067,1
22092,1
22098,1
22104,1
22235,1
22239,1
22244,1
22247,1
22267,1
22271,1
22346,1
22350,1
22361,1
22682,1
22686,1
22709,1
22715,1
22717,1
22722,1
22734,1
22737,1
22789,1
22806,1
22818,1
22823,1
22833,1
22839,1
22841,1
23020,1
23027,1
23046,1
23053,1
23054,1
23073,1
23075,1
23110,1
23111,1
23505,1
23514,1
23524,1
23551,1
23552,1
23559,1
23586,1
23588,1
23603,1
23613,1
23614,1
23618,1
23627,1
23698,1
23699,1
23710,1
23736,1
23745,1
23747,1
23754,1
23756,1
23769,1
23791,1
23806,1
23807,1
23960,1
23973,1
24002,1
24003,1
24018,1
24025,1
24026,1
24031,1
24042,1
24133,1
24139,1
24351,1
24359,1
24363,1
24369,1
24391,1
24407,1
24504,1
24519,1
24532,1
24535,1
24547,1
24565,1
24590,1
24601,1
24604,1
24612,1
24619,1
24622,1
24641,1
24726,1
24735,1
24748,1
24751,1
24765,1
24782,1
24852,1
24864,1
24868,1
24885,1
24894,1
24898,1
24906,1
24924,1
24927,1
25009,1
25035,1
25056,1
25061,1
25072,1
25073,1
25084,1
25105,1
25109,1
25110,1
25112,1
25125,1
25159,1
25162,1
25169,1
25180,1
25184,1
25185,1
25230,1
25236,1
25252,1
25257,1
25275,1
25286,1
25293,1
25311,1
25317,1
25330,1
25331,1
25363,1
25368,1
25380,1
25382,1
25391,1
25392,1
25398,1
25521,1
25540,1
25541,1
25552,1
25557,1
25573,1
25580,1
25587,1
25593,1
25602,1
25605,1
25608,1
25636,1
25655,1
25802,1
25811,1
25816,1
25822,1
25854,1
25866,1
25889,1
25905,1
25906,1
25912,1
25919,1
25920,1
26037,1
26045,1
26059,1
26061,1
26068,1
26085,1
26093,1
26100,1
26128,1
26133,1
26157,1
26170,1
26174,1
26180,1
26202,1
26205,1
26208,1
26211,1
26249,1
26264,1
26271,1
26273,1
26286,1
26294,1
26315,1
26321,1
26324,1
26329,1
26352,1
26362,1
26367,1
26579,1
26583,1
26588,1
26589,1
26634,1
26649,1
26651,1
26655,1
26664,1
26677,1
26680,1
26696,1
26706,1
26837,1
26861,1
26867,1
26884,1
26890,1
26980,1
26981,1
27014,1
27016,1
27145,1
27156,1
27170,1
27189,1
27193,1
27203,1
27214,1
27221,1
27238,1
27253,1
27257,1
27263,1
27272,1
27310,1
27318,1
27332,1
27336,1
27348,1
27367,1
27382,1
27391,1
27400,1
27410,1
27478,1
27490,1
27493,1
27528,1
27541,1
27545,1
27562,1
27563,1
27566,1
27584,1
27603,1
27609,1
27612,1
27619,1
27626,1
27632,1
27650,1
27654,1
27679,1
27738,1
27747,1
27749,1
27750,1
27762,1
27764,1
27782,1
27785,1
27846,1
27849,1
27850,1
27856,1
28039,1
28042,1
28046,1
28047,1
28049,1
28053,1
28082,1
28100,1
28101,1
28131,1
28139,1
28140,1
28147,1
28154,1
28176,1
28179,1
28261,1
28265,1
28272,1
28274,1
28277,1
28286,1
28322,1
28335,1
28360,1
28370,1
28470,1
28475,1
28478,1
28479,1
28486,1
28505,1
28608,1
28612,1
28627,1
28646,1
28746,1
28759,1
28762,1
28763,1
28776,1
28783,1
28877,1
28878,1
28947,1
28957,1
28965,1
29066,1
29078,1
29091,1
29116,1
29124,1
29126,1
29132,1
29162,1
29172,1
29182,1
29186,1
29213,1
29214,1
29220,1
29292,1
29321,1
29325,1
29369,1
29388,1
29396,1
29410,1
29416,1
29440,1
29441,1
29448,1
29452,1
29465,1
29471,1
29516,1
29524,1
29531,1
29537,1
29549,1
29552,1
29577,1
29625,1
29639,1
29642,1
29776,1
29777,1
29779,1
29780,1
29802,1
29811,1
29819,1
29836,1
29860,1
29870,1
29871,1
29873,1
29884,1
29895,1
30038,1
30049,1
30056,1
30078,1
30083,1
30084,1
30092,1
30093,1
30101,1
30114,1
30301,1
30321,1
30331,1
30336,1
30362,1
30363,1
30373,1
30379,1
30393,1
30417,1
30418,1
30441,1
30452,1
30456,1
30472,1
30483,1
30484,1
30486,1
30492,1
30694,1
30699,1
30703,1
30704,1
30715,1
30726,1
30727,1
30750,1
30799,1
30800,1
30808,1
30827,1
30832,1
30835,1
30963,1
30994,1
31012,1
31016,1
31022,1
31031,1
31033,1
31035,1
31042,1
31052,1
31054,1
31062,1
31067,1
31071,1
31090,1
31124,1
31131,1
31150,1
31162,1
31168,1
31170,1
31192,1
31289,1
31294,1
31303,1
31307,1
31317,1
31321,1
31332,1
31341,1
31345,1
31514,1
31551,1
31580,1
31581,1
31593,1
31602,1
31605,1
31623,1
31643,1
31645,1
31654,1
31655,1
31660,1
31689,1
31696,1
31706,1
31740,1
31790,1
31798,1
31830,1
31835,1
31840,1
31849,1
31854,1
31856,1
31876,1
31881,1
31891,1
31920,1
31932,1
31933,1
31941,1
31945,1
31948,1
31978,1
31982,1
32005,1
32014,1
32020,1
32030,1
32033,1
32071,1
32079,1
32174,1
32181,1
32184,1
32216,1
32218,1
32242,1
32244,1
32245,1
32347,1
32348,1
32353,1
32354,1
32355,1
32363,1
32406,1
32415,1
32419,1
32423,1
32446,1
32453,1
32456,1
32485,1
32576,1
32589,1
32595,1
32603,1
32604,1
32607,1
32614,1
32626,1
32628,1
32683,1
32694,1
32703,1
32723,1
32729,1
32742,1
32753,1
32844,1
32846,1
32864,1
32872,1
32881,1
32891,1
32910,1
32925,1
32928,1
32940,1
32941,1
32952,1
32974,1
32977,1
33005,1
33032,1
33038,1
33057,1
33070,1
33074,1
33076,1
33103,1
33104,1
33107,1
33168,1
33172,1
33175,1
33191,1
33200,1
33203,1
33208,1
33223,1
33228,1
33235,1
33244,1
33279,1
33282,1
33289,1
33318,1
33329,1
33331,1
33359,1
33360,1
33460,1
33468,1
33488,1
33499,1
33501,1
33514,1
33523,1
33532,1
33544,1
33554,1
33568,1
33571,1
33594,1
33602,1
33611,1
33614,1
33634,1
33636,1
33637,1
33707,1
33712,1
33749,1
33754,1
33793,1
33795,1
33811,1
33815,1
33823,1
33827,1
33848,1
33853,1
33922,1
33946,1
33947,1
33948,1
33956,1
33957,1
33966,1
34116,1
34129,1
34134,1
34142,1
34159,1
34165,1
34205,1
34210,1
34214,1
34242,1
34255,1
34260,1
34264,1
34278,1
34282,1
34312,1
34314,1
34317,1
34331,1
34350,1
34364,1
34371,1
34377,1
34396,1
34402,1
34404,1
34509,1
34523,1
34531,1
34541,1
34631,1
34632,1
34633,1
34636,1
34642,1
34645,1
35088,1
35099,1
35108,1
35134,1
35149,1
35150,1
35163,1
35192,1
35207,1
35209,1
35227,1
35293,1
35294,1
35295,1
35317,1
35332,1
35436,1
35441,1
35483,1
35499,1
35503,1
35505,1
35518,1
35522,1
35523,1
35551,1
35556,1
35563,1
35626,1
35631,1
35632,1
35642,1
35652,1
35656,1
35667,1
35668,1
35672,1
35735,1
35752,1
35755,1
35768,1
35774,1
35778,1
35856,1
35860,1
35862,1
35871,1
35880,1
35897,1
35913,1
35918,1
35936,1
35939,1
35940,1
35949,1
35962,1
35985,1
35997,1
35998,1
36192,1
36208,1
36219,1
36220,1
36240,1
36258,1
36271,1
36275,1
36277,1
36315,1
36317,1
36321,1
36325,1
36378,1
36380,1
36391,1
36396,1
36397,1
36399,1
36416,1
36425,1
36432,1
36437,1
36452,1
36601,1
36609,1
36611,1
36624,1
36637,1
36646,1
36652,1
36661,1
36685,1
36692,1
36694,1
36854,1
36881,1
36882,1
36891,1
36902,1
36906,1
36921,1
36947,1
36963,1
36970,1
36975,1
36981,1
36982,1
36995,1
37012,1
37026,1
37035,1
37038,1
37043,1
37060,1
37079,1
37115,1
37116,1
37129,1
37131,1
37133,1
37141,1
37144,1
37189,1
37200,1
37201,1
37202,1
37223,1
37245,1
37253,1
37267,1
37269,1
37279,1
37281,1
37284,1
37314,1
37318,1
37342,1
37349,1
37357,1
37363,1
37370,1
37397,1
37400,1
37406,1
37413,1
37428,1
37450,1
37451,1
37460,1
37478,1
37485,1
37486,1
37506,1
37524,1
37529,1
37550,1
37558,1
37562,1
37566,1
37592,1
37606,1
37611,1
37619,1
37623,1
37627,1
37653,1
37883,1
37902,1
37911,1
37927,1
37933,1
37944,1
37956,1
37959,1
38012,1
38021,1
38031,1
38060,1
38068,1
38079,1
38094,1
38096,1
38272,1
38280,1
38285,1
38295,1
38296,1
38315,1
38395,1
38402,1
38590,1
38600,1
38617,1
38785,1
39009,1
39022,1
39026,1
39051,1
39060,1
39082,1
39085,1
39087,1
39168,1
39178,1
39182,1
39318,1
39329,1
39343,1
39349,1
39356,1
39362,1
39372,1
39475,1
39500,1
39501,1
39518,1
39547,1
39549,1
39552,1
39561,1
39574,1
39825,1
39828,1
39841,1
39844,1
39846,1
39848,1
39877,1
39895,1
39900,1
40075,1
40088,1
40107,1
40112,1
40114,1
40127,1
40137,1
40140,1
40165,1
40224,1
40228,1
40250,1
40255,1
40267,1
40287,1
40289,1
40514,1
40535,1
40542,1
40549,1
40556,1
40571,1
40587,1
40590,1
40609,1
40612,1
40629,1
40659,1
40666,1
40690,1
40704,1
40708,1
40709,1
40715,1
40716,1
40787,1
40983,1
40994,1
41004,1
41012,1
41015,1
41016,1
41018,1
41019,1
41059,1
41064,1
41124,1
41125,1
41133,1
41168,1
41170,1
41171,1
41178,1
41193,1
41196,1
41197,1
41198,1
41207,1
41239,1
41254,1
41256,1
41258,1
41281,1
41293,1
41294,1
41313,1
41325,1
41327,1
41338,1
41343,1
41528,1
41536,1
41563,1
41565,1
41595,1
41601,1
41602,1
41628,1
41633,1
41661,1
41663,1
41864,1
41883,1
41884,1
41888,1
41892,1
41907,1
41925,1
41934,1
41950,1
41960,1
41962,1
41968,1
41976,1
41982,1
41991,1
42007,1
42011,1
42032,1
42038,1
42065,1
42067,1
42079,1
42090,1
42096,1
42124,1
42133,1
42140,1
42147,1
42148,1
42151,1
42218,1
42240,1
42246,1
42252,1
42254,1
42265,1
42271,1
42274,1
42280,1
42326,1
42333,1
42464,1
42465,1
42471,1
42473,1
42488,1
42489,1
42514,1
42537,1
42539,1
42545,1
42566,1
42568,1
42583,1
42594,1
42677,1
42680,1
42702,1
42706,1
42712,1
42722,1
42730,1
42739,1
42748,1
42910,1
42911,1
42930,1
42937,1
42940,1
42944,1
42950,1
42953,1
42965,1
42990,1
43007,1
43023,1
43027,1
43029,1
43048,1
43071,1
43075,1
43076,1
43089,1
43206,1
43207,1
43214,1
43224,1
43228,1
43252,1
43258,1
43261,1
43264,1
43465,1
43486,1
43497,1
43510,1
43519,1
43532,1
43533,1
43544,1
43546,1
43562,1
43569,1
43573,1
43577,1
43669,1
43676,1
43678,1
43683,1
43689,1
43695,1
43704,1
43756,1
43765,1
43767,1
43886,1
43895,1
43975,1
44062,1
44071,1
44072,1
44087,1
44103,1
44121,1
44153,1
44158,1
44160,1
44166,1
44171,1
44187,1
44191,1
44206,1
44214,1
44228,1
44242,1
44246,1
44261,1
44295,1
44301,1
44313,1
44320,1
44326,1
44332,1
44337,1
44341,1
44352,1
44353,1
44371,1
44384,1
44448,1
44455,1
44485,1
44493,1
44500,1
44512,1
44518,1
44540,1
44543,1
44552,1
44784,1
44789,1
44844,1
44859,1
44864,1
44876,1
44883,1
44905,1
44907,1
44923,1
44926,1
44935,1
44938,1
44951,1
45153,1
45162,1
45187,1
45190,1
45202,1
45219,1
45223,1
45228,1
45236,1
45239,1
45243,1
45272,1
45279,1
45289,1
45292,1
45305,1
45323,1
45334,1
45347,1
45352,1
45375,1
45381,1
45392,1
45403,1
45427,1
45456,1
45464,1
45484,1
45485,1
45488,1
45492,1
45504,1
45509,1
45531,1
45555,1
45558,1
45562,1
45566,1
45585,1
45590,1
45593,1
45602,1
45644,1
45646,1
45668,1
45674,1
45677,1
45785,1
45801,1
45881,1
45964,1
45987,1
45990,1
45992,1
45998,1
45999,1
46009,1
46039,1
46336,1
46337,1
46351,1
46352,1
46353,1
46365,1
46396,1
46414,1
46417,1
46427,1
46428,1
46444,1
46466,1
46472,1
46481,1
46493,1
46648,1
46659,1
46708,1
46734,1
46752,1
46760,1
46763,1
46764,1
46771,1
46777,1
46808,1
46816,1
46830,1
46851,1
46852,1
46853,1
47400,1
47404,1
47435,1
47436,1
47445,1
47452,1
47613,1
47652,1
47659,1
47668,1
47680,1
47697,1
47701,1
47708,1
47712,1
47716,1
47742,1
47772,1
47773,1
47784,1
47794,1
47805,1
47811,1
47820,1
47829,1
47831,1
47856,1
47874,1
47880,1
47901,1
47906,1
47908,1
47918,1
47922,1
47923,1
47971,1
47975,1
48037,1
48053,1
48105,1
48123,1
48134,1
48148,1
48189,1
48214,1
48218,1
48223,1
48230,1
48231,1
48263,1
48274,1
48297,1
48324,1
48327,1
48331,1
48339,1
48340,1
48342,1
48561,1
48564,1
48573,1
48620,1
48622,1
48626,1
48628,1
48629,1
48650,1
48659,1
48663,1
48674,1
48740,1
48745,1
48751,1
48761,1
48762,1
48763,1
48855,1
48863,1
48865,1
48884,1
48901,1
48922,1
48963,1
48967,1
48989,1
48991,1
49031,1
49038,1
49049,1
49057,1
49059,1
49066,1
49071,1
49079,1
49085,1
49099,1
49110,1
49112,1
49114,1
49123,1
49125,1
49130,1
49162,1
49173,1
49193,1
49194,1
49222,1
49231,1
49252,1
49253,1
49265,1
49266,1
49274,1
49277,1
49302,1
49307,1
49312,1
49344,1
49622,1
49641,1
49678,1
49679,1
49684,1
49687,1
49690,1
49692,1
49702,1
49729,1
49738,1
49798,1
49832,1
49835,1
49861,1
49867,1
49879,1
50233,1
50237,1
50240,1
50258,1
50273,1
50282,1
50285,1
50291,1
50304,1
50318,1
50338,1
50350,1
50351,1
50359,1
50361,1
50394,1
50396,1
50399,1
50419,1
50429,1
50437,1
50497,1
50510,1
50525,1
50534,1
50575,1
50581,1
50612,1
50619,1
50627,1
50629,1
50750,1
50771,1
50780,1
50785,1
50791,1
50808,1
50815,1
50816,1
50821,1
50827,1
50839,1
50848,1
50903,1
50970,1
50975,1
50997,1
51012,1
51016,1
51027,1
51029,1
51061,1
51063,1
51209,1
51252,1
51255,1
51272,1
51289,1
51310,1
51311,1
51321,1
51323,1
51335,1
51358,1
51364,1
51377,1
51383,1
51398,1
51408,1
51414,1
51415,1
51423,1
51431,1
51437,1
51477,1
51483,1
51491,1
51522,1
51622,1
51645,1
51647,1
51664,1
51668,1
51670,1
51766,1
51772,1
51807,1
51819,1
51820,1
51830,1
51847,1
51872,1
51874,1
